 5.095084750849399 0 0
 5.44511682990697 0.6544929337738388 0
 5.306737965282004 1.30683043172767 0
 5.406520053907821 1.954402382632722 0
 5.359132462879784 2.665074184799564 0
 5.101946052704318 3.212679780307465 0
 4.993402720640061 3.792948577653311 0
 4.691033229799367 4.56992291669524 0
 4.436434104715503 5.242407806404635 0
 5.043877896122826 5.792180487991994 0
 4.635662948366359 6.14413228411039 0
 4.037396223593626 6.71230658637395 0
 4.341802120141508 7.20514898441438 0
 3.637699842141219 7.993728301084074 0
 3.753484245167064 8.22908337169781 0
 3.525083421640113 8.780010242115036 0
 3.208004409442207 8.978779894462702 0
 2.702054997892601 8.879809553518129 0
 2.133721724996223 9.279291498939161 0
 1.847988845110569 10.01878133830568 0
 1.596384556900166 10.36316673370535 0
 1.307527718935729 10.52795877225709 0
 1.060176451432621 9.943313015946186 0
 0.6924055294058618 10.05187649536502 0
 0.3201851418876572 10.50079831446827 0
 3.617040727904164e-16 10.88825359881139 0
 -0.3702041749512064 10.11584827858055 0
 -0.6668748968187618 10.31811960389671 0
 -0.9936829843873356 10.17221268230242 0
 -1.362785116315548 10.25712152119977 0
 -1.659233285706546 10.12168403819011 0
 -2.029833553481874 10.05076182386541 0
 -2.437793362513219 9.269033829045652 0
 -2.769676324968658 9.008316482557154 0
 -2.733553460931779 9.224666495431661 0
 -3.224456914773791 8.559540106858295 0
 -3.216446229056175 8.068011701632498 0
 -3.947735036722207 7.781754228432535 0
 -4.076283123251395 6.99441683382654 0
 -4.309606313813941 6.725712762028726 0
 -4.49575023302807 5.878875375246905 0
 -5.039036317692902 5.840413643157499 0
 -4.514516023700875 5.244463734776676 0
 -5.135193758072831 4.583730966146027 0
 -5.083351985787057 3.933321637259115 0
 -5.425651241436186 3.39617712648638 0
 -5.622857850168369 2.545091094592439 0
 -5.670823023425949 1.961354545351874 0
 -5.215820137677857 1.323087151679038 0
 -5.590690739164135 0.6866164415958957 0
 -5.815729653757637 1.270386283177802e-15 0
 -5.081122218903025 -0.6637921126580473 0
 -5.713307341700038 -1.357621004533576 0
 -5.43512835869189 -1.975692823121101 0
 -5.240330577790177 -2.602653413207356 0
 -5.597567894350051 -3.387151959024497 0
 -4.91928810236609 -3.732279753564226 0
 -4.945981166720006 -4.474459929112523 0
 -4.719836673854739 -4.849893388960369 0
 -4.809625785570993 -5.891136712871632 0
 -4.423641716729533 -5.893569370688158 0
 -4.199497435932646 -6.817038386660157 0
 -3.9569649730978 -6.958413865024487 0
 -3.701492066044997 -7.682297415142232 0
 -3.259428598333859 -7.747251445423038 0
 -3.014566131593702 -8.72270688333419 0
 -2.773791220939923 -9.173018210835469 0
 -2.542183434746976 -9.510810132469491 0
 -2.225676891256218 -9.071289653329869 0
 -2.087474483721661 -10.11387717121576 0
 -1.598232833177214 -9.877141024173516 0
 -1.412695965018657 -10.42070826331046 0
 -1.028627881308687 -9.980296449963371 0
 -0.667959066257878 -9.96171771771613 0
 -0.3319484789882808 -10.35173507139357 0
 -1.05419239350888e-15 -10.68845315683022 0
 0.3367786923525308 -10.61938618627107 0
 0.6311796739787976 -10.04482186011349 0
 1.077797771278155 -10.54876966046774 0
 1.471289885974913 -9.807110119849904 0
 1.573400905162387 -10.17273116386971 0
 2.094465981491456 -9.688740174475635 0
 2.504641893590213 -9.544535579275323 0
 2.878647289597274 -9.15268246654616 0
 2.765147284097425 -8.803762593611889 0
 3.329953329078287 -8.894849700326978 0
 3.694912324863719 -8.001495652396843 0
 4.094313116635613 -7.715804930598206 0
 3.902808077896716 -7.143190326278438 0
 4.507157342773195 -6.915862439651072 0
 4.669913572059524 -5.950755998014055 0
 4.660179025057799 -5.658655032352769 0
 5.140636279047531 -5.129329368232601 0
 4.632450665578462 -4.414758370613397 0
 4.68521175347556 -3.85621824287938 0
 4.966283945019558 -3.170231758141431 0
 5.51137153206871 -2.535693080619675 0
 5.323452831144388 -1.964956332436816 0
 5.559514214197723 -1.282697076287288 0
 5.258190212387958 -0.6698849512996141 0
 5.105469977069739 -2.510369634876732e-15 0
 6.870330583770184 0.5968532144889258 1
 6.146529305900641 1.262417170653827 1
 6.240137558159973 1.984405897382225 1
 6.042166149485173 2.653182063151132 1
 6.392122308034732 3.473684839465327 1
 6.411506575388582 4.227811633573227 1
 5.840204754050879 4.730950931658158 1
 5.592814489078921 5.337296097681868 1
 5.219563247790182 5.847024703500238 1
 5.111158510709317 6.504087575989572 1
 4.843377439946942 7.04377909682676 1
 4.427194041452511 7.430597880887963 1
 4.672216588635251 8.45330571841728 1
 4.296746572384317 8.875178419528199 1
 3.868035992867452 9.193424668597276 1
 3.796754739020856 10.00740860392617 1
 3.283420189502079 10.1496205455703 1
 2.913507581718486 10.49183179768472 1
 2.480412718209533 10.66724904404989 1
 2.04802133580493 10.7791623645305 1
 1.593273769673162 10.72365854174217 1
 1.379566862067963 11.66796832581975 1
 0.8873975614282065 11.3310806217734 1
 0.4566567876831947 11.03091186704431 1
 0.08609361949509751 11.85035714477125 1
 -0.33836767412038 11.71962541288847 1
 -0.7680903762572636 11.73048551225844 1
 -1.097807002343297 11.09836006759725 1
 -1.624241106398072 11.53118569953577 1
 -1.846223626102588 10.70916010535332 1
 -2.185846867285989 10.40181285161867 1
 -2.63850624832064 10.34556315275736 1
 -3.292676651821627 10.58327566218251 1
 -3.317937332608883 9.631367611458481 1
 -3.475738084176023 8.994292376140216 1
 -4.237647081760165 9.147837876260022 1
 -4.504061915772862 8.606332607036956 1
 -4.639022854223247 7.9356179399031 1
 -5.31188889859284 7.743277892147951 1
 -5.319964594748313 6.957793819728542 1
 -5.150423501331809 6.09205300841102 1
 -5.901718190312227 5.805388261795809 1
 -5.620932215161958 4.917381977882103 1
 -5.783089315715035 4.273071831126136 1
 -6.147740027089247 3.68800535516341 1
 -6.651541066636662 3.101422147078049 1
 -6.795817609136384 2.383645176610458 1
 -6.880303396175912 1.646120486321941 1
 -6.831401274610903 0.8926878232397378 1
 -6.347099377838039 0.1425944011883338 1
 -6.888475348113882 -0.5977660387385441 1
 -6.473105500807044 -1.299510356241242 1
 -6.013915793760136 -1.944191130481313 1
 -6.703345733474489 -2.814115782346334 1
 -5.75746518291421 -3.27625415964576 1
 -5.693005371116914 -3.953730041496154 1
 -5.82727480116557 -4.725063862556707 1
 -5.779796128526904 -5.437051133540625 1
 -5.163149418586054 -5.81221001020811 1
 -5.670868483400364 -6.900091077935076 1
 -5.428508130651048 -7.515582906775811 1
 -4.91369058199832 -7.87607751661952 1
 -4.627657509753151 -8.407034322619836 1
 -3.952454070415665 -8.469489800128594 1
 -4.09213008616053 -9.493851043653969 1
 -3.420259813855679 -9.430306994723844 1
 -3.011074299123449 -9.668642630454411 1
 -2.801519028551694 -10.26140521388692 1
 -2.504339116657524 -10.72552967641451 1
 -1.949254359388016 -10.48770295204957 1
 -1.697309885005719 -11.10869908588767 1
 -1.380518299146633 -11.67263644719335 1
 -0.9183603163888628 -11.55364648087315 1
 -0.4840439454249661 -11.39345675267499 1
 -0.08429223026353252 -11.70701469017403 1
 0.3482406051447638 -11.9158756843877 1
 0.7320769870846746 -11.41341607172871 1
 1.175131559198825 -11.53333704325382 1
 1.561510236326719 -11.27346239093095 1
 1.991588021929147 -11.17644588704884 1
 2.417015163163834 -11.00781742755149 1
 2.496649979154081 -10.03399981874498 1
 3.200449652053544 -10.41040463397274 1
 3.516733985487976 -9.953498279902675 1
 3.879585291765262 -9.565088615114483 1
 4.050097952097326 -8.91523960243001 1
 4.08083255890485 -8.144135008182429 1
 4.487002648088027 -7.789223385770653 1
 5.303089422568961 -7.735810111511764 1
 4.892122188765639 -6.638657538758126 1
 5.8314628848928 -6.536355827290243 1
 5.880915614422317 -5.79360914289065 1
 5.911216684151661 -5.058461783662986 1
 6.390987562555538 -4.522636996767159 1
 6.167535119404022 -3.694713326606778 1
 5.863216817936264 -2.888420701634793 1
 6.334247034544116 -2.289569782261524 1
 6.336070418306422 -1.570408279591565 1
 6.900680506059447 -0.8979212751931694 1
 6.856230364157383 -0.1489926666484129 1


