5.095085 0.000000 0
5.445117 0.654493 0
5.306738 1.306830 0
5.406520 1.954402 0
5.359132 2.665074 0
5.101946 3.212680 0
4.993403 3.792949 0
4.691033 4.569923 0
4.436434 5.242408 0
5.043878 5.792180 0
4.635663 6.144132 0
4.037396 6.712307 0
4.341802 7.205149 0
3.637700 7.993728 0
3.753484 8.229083 0
3.525083 8.780010 0
3.208004 8.978780 0
2.702055 8.879810 0
2.133722 9.279291 0
1.847989 10.018781 0
1.596385 10.363167 0
1.307528 10.527959 0
1.060176 9.943313 0
0.692406 10.051876 0
0.320185 10.500798 0
0.000000 10.888254 0
-0.370204 10.115848 0
-0.666875 10.318120 0
-0.993683 10.172213 0
-1.362785 10.257122 0
-1.659233 10.121684 0
-2.029834 10.050762 0
-2.437793 9.269034 0
-2.769676 9.008316 0
-2.733553 9.224666 0
-3.224457 8.559540 0
-3.216446 8.068012 0
-3.947735 7.781754 0
-4.076283 6.994417 0
-4.309606 6.725713 0
-4.495750 5.878875 0
-5.039036 5.840414 0
-4.514516 5.244464 0
-5.135194 4.583731 0
-5.083352 3.933322 0
-5.425651 3.396177 0
-5.622858 2.545091 0
-5.670823 1.961355 0
-5.215820 1.323087 0
-5.590691 0.686616 0
-5.815730 0.000000 0
-5.081122 -0.663792 0
-5.713307 -1.357621 0
-5.435128 -1.975693 0
-5.240331 -2.602653 0
-5.597568 -3.387152 0
-4.919288 -3.732280 0
-4.945981 -4.474460 0
-4.719837 -4.849893 0
-4.809626 -5.891137 1
-4.423642 -5.893569 0
-4.199497 -6.817038 0
-3.956965 -6.958414 0
-3.701492 -7.682297 0
-3.259429 -7.747251 0
-3.014566 -8.722707 0
-2.773791 -9.173018 0
-2.542183 -9.510810 0
-2.225677 -9.071290 0
-2.087474 -10.113877 0
-1.598233 -9.877141 0
-1.412696 -10.420708 0
-1.028628 -9.980296 0
-0.667959 -9.961718 0
-0.331948 -10.351735 0
-0.000000 -10.688453 0
0.336779 -10.619386 0
0.631180 -10.044822 0
1.077798 -10.548770 0
1.471290 -9.807110 0
1.573401 -10.172731 0
2.094466 -9.688740 0
2.504642 -9.544536 0
2.878647 -9.152682 0
2.765147 -8.803763 0
3.329953 -8.894850 0
3.694912 -8.001496 0
4.094313 -7.715805 0
3.902808 -7.143190 0
4.507157 -6.915862 1
4.669914 -5.950756 1
4.660179 -5.658655 1
5.140636 -5.129329 1
4.632451 -4.414758 0
4.685212 -3.856218 0
4.966284 -3.170232 0
5.511372 -2.535693 0
5.323453 -1.964956 0
5.559514 -1.282697 0
5.258190 -0.669885 0
5.105470 -0.000000 0
6.870331 0.596853 0
6.146529 1.262417 0
6.240138 1.984406 0
6.042166 2.653182 0
6.392122 3.473685 0
6.411507 4.227812 1
5.840205 4.730951 0
5.592814 5.337296 0
5.219563 5.847025 0
5.111159 6.504088 0
4.843377 7.043779 0
4.427194 7.430598 0
4.672217 8.453306 0
4.296747 8.875178 0
3.868036 9.193425 0
3.796755 10.007409 0
3.283420 10.149621 0
2.913508 10.491832 0
2.480413 10.667249 0
2.048021 10.779162 0
1.593274 10.723659 0
1.379567 11.667968 1
0.887398 11.331081 0
0.456657 11.030912 0
0.086094 11.850357 0
-0.338368 11.719625 0
-0.768090 11.730486 0
-1.097807 11.098360 0
-1.624241 11.531186 0
-1.846224 10.709160 0
-2.185847 10.401813 0
-2.638506 10.345563 0
-3.292677 10.583276 0
-3.317937 9.631368 0
-3.475738 8.994292 0
-4.237647 9.147838 0
-4.504062 8.606333 0
-4.639023 7.935618 0
-5.311889 7.743278 0
-5.319965 6.957794 0
-5.150424 6.092053 0
-5.901718 5.805388 0
-5.620932 4.917382 0
-5.783089 4.273072 0
-6.147740 3.688005 0
-6.651541 3.101422 0
-6.795818 2.383645 0
-6.880303 1.646120 0
-6.831401 0.892688 0
-6.347099 0.142594 0
-6.888475 -0.597766 0
-6.473106 -1.299510 0
-6.013916 -1.944191 0
-6.703346 -2.814116 0
-5.757465 -3.276254 0
-5.693005 -3.953730 0
-5.827275 -4.725064 1
-5.779796 -5.437051 1
-5.163149 -5.812210 1
-5.670868 -6.900091 1
-5.428508 -7.515583 1
-4.913691 -7.876078 1
-4.627658 -8.407034 1
-3.952454 -8.469490 1
-4.092130 -9.493851 1
-3.420260 -9.430307 0
-3.011074 -9.668643 0
-2.801519 -10.261405 0
-2.504339 -10.725530 0
-1.949254 -10.487703 0
-1.697310 -11.108699 0
-1.380518 -11.672636 0
-0.918360 -11.553646 0
-0.484044 -11.393457 0
-0.084292 -11.707015 0
0.348241 -11.915876 0
0.732077 -11.413416 0
1.175132 -11.533337 1
1.561510 -11.273462 1
1.991588 -11.176446 1
2.417015 -11.007817 1
2.496650 -10.034000 0
3.200450 -10.410405 1
3.516734 -9.953498 1
3.879585 -9.565089 1
4.050098 -8.915240 1
4.080833 -8.144135 0
4.487003 -7.789223 1
5.303089 -7.735810 1
4.892122 -6.638658 1
5.831463 -6.536356 1
5.880916 -5.793609 1
5.911217 -5.058462 1
6.390988 -4.522637 1
6.167535 -3.694713 1
5.863217 -2.888421 0
6.334247 -2.289570 0
6.336070 -1.570408 0
6.900681 -0.897921 0
6.856230 -0.148993 0
